85.0
-192.0
-50.0
123.0
-230.0
-21.0
147.0
-312.0
-12.0
147.0
-352.0
15.0
130.0
-387.0
37.0
100.0
-416.0
59.0
57.0
-432.0
87.0
32.0
-436.0
47.0
26.0
-458.0
6.0
28.0
-521.0
-3.0
46.0
-571.0
-16.0
52.0
-599.0
9.0
32.0
-632.0
51.0
-35.0
-668.0
64.0
-131.0
-701.0
81.0
-240.0
-702.0
90.0
-303.0
-700.0
108.0
-327.0
-679.0
179.0
-303.0
-650.0
257.0
-217.0
-648.0
270.0
-137.0
-648.0
270.0
-37.0
-654.0
267.0
15.0
-641.0
244.0
48.0
-602.0
197.0
39.0
-553.0
164.0
27.0
-509.0
181.0
27.0
-437.0
211.0
41.0
-433.0
249.0
65.0
-430.0
261.0
110.0
-408.0
235.0
141.0
-362.0
198.0
138.0
-302.0
159.0
114.0
-249.0
142.0
84.0
-224.0
175.0
100.0
-204.0
224.0
65.0
-200.0
261.0
