-540.0
10.0
-140.0
180.0
0.0
0.0
0.0
0.0
0.0
0.0
0.0
0.0
0.0
0.0
-540.0
10.0
-160.0
180.0
5.0
15.0
-15.0
15.0
15.0
10.0
10.0
-10.0
-10.0
15.0
-540.0
15.0
-180.0
180.0
15.0
-20.0
-20.0
20.0
20.0
20.0
20.0
0.0
0.0
-15.0
-540.0
10.0
-200.0
180.0
0.0
15.0
-15.0
10.0
10.0
5.0
5.0
-5.0
-5.0
15.0
-540.0
10.0
-205.0
270.0
5.0
15.0
-15.0
15.0
15.0
10.0
10.0
-10.0
-10.0
-15.0
-550.0
10.0
-205.0
270.0
0.0
-15.0
15.0
10.0
10.0
5.0
5.0
-5.0
-5.0
15.0
-550.0
10.0
-205.0
270.0
0.0
0.0
0.0
0.0
0.0
0.0
0.0
0.0
0.0
0.0








